   0   0     -0.522240000000
   0   1      0.000000000000
   0   2      0.000000000000
   0   3      0.261120000000
   0   4      0.000000000000
   0   5     -0.082520000000
   0   6      0.261120000000
   0   7      0.000000000000
   0   8      0.082520000000
   1   0      0.000000000000
   1   1     -0.735210000000
   1   2      0.000000000000
   1   3      0.000000000000
   1   4      0.367600000000
   1   5      0.000000000000
   1   6      0.000000000000
   1   7      0.367600000000
   1   8      0.000000000000
   2   0      0.000000000000
   2   1      0.000000000000
   2   2     -0.423585000000
   2   3     -0.035595000000
   2   4      0.000000000000
   2   5      0.211790000000
   2   6      0.035595000000
   2   7      0.000000000000
   2   8      0.211790000000
