   0   0      0.782956600000
   0   1      0.000000000000
   0   2      0.000000000000
   0   3     -0.391478300000
   0   4      0.000000000000
   0   5     -0.303382250000
   0   6     -0.391478300000
   0   7      0.000000000000
   0   8      0.303382250000
   1   0      0.000000000000
   1   1     -0.000009500000
   1   2      0.000000000000
   1   3      0.000000000000
   1   4      0.000004800000
   1   5      0.000000000000
   1   6      0.000000000000
   1   7      0.000004800000
   1   8      0.000000000000
   2   0      0.000000000000
   2   1      0.000000000000
   2   2      0.540119150000
   2   3     -0.236043000000
   2   4      0.000000000000
   2   5     -0.270059550000
   2   6      0.236043000000
   2   7      0.000000000000
   2   8     -0.270059550000
   3   0     -0.391478300000
   3   1      0.000000000000
   3   2     -0.236043300000
   3   3      0.426423050000
   3   4      0.000000000000
   3   5      0.269712800000
   3   6     -0.034944750000
   3   7      0.000000000000
   3   8     -0.033669450000
   4   0      0.000000000000
   4   1      0.000004800000
   4   2      0.000000000000
   4   3      0.000000000000
   4   4     -0.000044200000
   4   5      0.000000000000
   4   6      0.000000000000
   4   7      0.000039500000
   4   8      0.000000000000
   5   0     -0.303381900000
   5   1      0.000000000000
   5   2     -0.270059600000
   5   3      0.269712450000
   5   4      0.000000000000
   5   5      0.252541450000
   5   6      0.033669450000
   5   7      0.000000000000
   5   8      0.017518100000
   6   0     -0.391478300000
   6   1      0.000000000000
   6   2      0.236043300000
   6   3     -0.034944750000
   6   4      0.000000000000
   6   5      0.033669450000
   6   6      0.426423050000
   6   7      0.000000000000
   6   8     -0.269712800000
   7   0      0.000000000000
   7   1      0.000004800000
   7   2      0.000000000000
   7   3      0.000000000000
   7   4      0.000039500000
   7   5      0.000000000000
   7   6      0.000000000000
   7   7     -0.000044200000
   7   8      0.000000000000
   8   0      0.303381900000
   8   1      0.000000000000
   8   2     -0.270059600000
   8   3     -0.033669450000
   8   4      0.000000000000
   8   5      0.017518100000
   8   6     -0.269712450000
   8   7      0.000000000000
   8   8      0.252541450000
